3
1.2 .89
.88 5.1
1.1 0.15
4
3.1    0.0023    0.35
0.21   0.00353   8.13 
200    180.559   10.339
2.11   0.089     0.06111
2
2.0
0.45
20
0.288453227886097 0.216439000626223 0.201706967559782 0.929338747231873 0.316827785556927 0.573789198374711 0.150783772456289 0.248107474543181 0.215844174344684 0.665401511856571 0.209979919704959 0.379909775182347 0.871950881324909 0.471045211942551 0.214334937789114 0.928674235999458 0.439714642185296 0.120278216520375 0.359367586270718
0.730361830023219 0.199754384385573 0.801716632928062 0.461831251865926 0.187155876262685 0.985543643489566 0.119512004573692 0.773700348401131 1.0039336563703 0.93958832103188 0.87419409293362 0.650191906516819 0.952639814890481 0.492135120299198 0.0455169150371819 0.780793805832256 0.569085630999644 0.721332140205038 0.0040023056181866
0.639044326160952 0.372401527231424 0.204404739516863 0.617110044842007 0.426757187775091 0.158036837175024 0.234809716555804 0.252603149401849 0.819207326156539 0.659619952034993 0.818496895631798 0.238572829318797 1.00030561664276 0.802577567747369 0.209472183400794 0.255216427477491 0.404940941377897 0.423202922560043 0.235077868535743
0.171924946282813 0.976525687512558 0.631523712104303 0.537167199089441 0.924261088332726 0.0515412941601549 0.526139857509938 0.537158896194827 0.234345658168421 0.602864138713509 0.186093544547907 0.869446062797226 0.965996252485197 0.116304183252278 0.371338010622472 0.0955607344430429 0.739278969166007 0.899679701429998 0.122651494178832
1.0257429082608 0.860167953634387 0.893576387919007 0.3976876402427 0.218139088662926 0.697610536814465 0.783518528712174 0.186677538864876 0.459893016470619 0.925944064933062 0.32355899383236 0.484140522706801 0.898148114619064 0.874405840002366 0.643343916783702 0.807484928372168 0.849840100836746 0.932146443581458 0.969722359893293
0.905875295865107 0.54262699821007 0.157050667830957 0.978271344037504 0.180123004237066 0.599015230843394 0.0557658894473565 0.781137657624181 0.464162181572411 0.773452436404628 0.832236556292087 0.63993016561012 0.969065946456914 0.667752872707882 0.149972075915157 0.953725227272708 0.420328698473688 0.0917076541272503 0.762085362214208
0.813393613925295 0.347702339577757 0.689242338059602 0.221307173667084 0.67836530726782 0.904267038913352 0.0302764043593721 0.393808726429568 0.117689068097443 0.678304513257166 0.766895744154641 0.735478450599642 0.414012006168344 0.539212846296172 0.690078211221393 0.682649740615715 0.110220867585592 0.339070674880282 0.668646401641656
0.872141693578455 0.110396698744917 0.127064191727974 0.232118928301307 0.954455694764447 0.0390082579884374 0.667996914307202 0.628574358394661 0.131293860234605 0.22760234033583 0.372298611264248 0.980538496995538 0.182082344731326 0.902461369371148 1.01775022332985 0.287388640428321 0.757369931505606 0.0587355061174388 0.757585127594801
0.281095602127609 0.658931701818885 0.748488440014522 0.471377734916422 0.0506785434113961 0.291865498124124 0.40711827442973 0.120477242492561 0.155036734610266 0.32327690884665 0.673047810977134 0.855601449821598 1.01747914079395 0.191283176757578 0.400867385797705 0.868111948854667 0.0900549834166806 0.618629329661103 0.132828529361102
0.306611780640543 0.191578987063979 0.854427514001755 0.115423421789184 0.705628873663975 1.01805169162637 0.418254541538714 0.267563710672088 0.792687305884931 0.634130807148994 0.591549598931535 0.718538060349654 0.94406272569909 0.643671923811442 0.496045482435163 0.584551123164156 0.678632189159038 0.148508775478336 0.00756916741188718
0.0524227767548051 0.454751284321069 0.808092504528789 0.261312567533877 0.191275769560131 0.628936781014068 0.656988800721694 0.262578543872236 0.924207671821359 0.8498402281649 0.499299200183887 0.991652152047009 0.47159955403806 0.889730983558826 0.933711044719547 0.365059328747334 0.888554421516825 0.0922551650638954 0.423097429031774
0.595906279721986 0.246803434874418 0.264014020404864 0.769516716621115 0.646719302287763 0.975212654608806 0.123550287035121 1.02835869658088 1.01832821900675 0.744837775634674 0.900308317024218 0.961633995745461 0.562583577943186 0.639504377494485 0.544332136653984 0.18551276616532 0.755419851326791 0.719456920301847 0.32179925909788
0.74482074918136 0.515950601021486 0.195166377850905 0.859496033646102 0.949053386951223 0.598508538427182 0.465484330233674 0.231186658933104 0.410454522641561 0.225050150826901 0.126675851246683 0.309301773024592 0.692833214142839 0.637982658232601 0.567274933339017 0.185887822527696 0.896193095587068 0.826717066980293 0.942129807355766
0.847354268600887 0.951181368653922 0.769206561178605 0.964511648364133 0.848896172359395 0.0712117041370728 0.102120983124663 0.917944124913869 0.397843878197213 0.229384896010091 0.425487261467196 0.322793359679433 0.882513443478479 0.290655847780146 0.210568913719057 0.853083437058212 0.126940209388855 0.463833196747774 6.67401998271089e-05
0.756041930457352 0.225337532981718 0.547831408402333 0.0996241021239672 0.393228341191185 0.0970222671043277 0.365132313075352 0.706965299840987 0.663576154631964 0.177302145445799 0.213786622647762 0.323261100681363 0.304231740008556 0.337466866911589 0.866753769062145 0.119602971965462 0.816770860530947 1.01322843939835 0.8913232611274
0.344503615992479 0.829411432832866 0.0620063003184075 0.297290474120845 0.916477542742426 0.858539691570551 0.402262942404696 0.62410718049158 0.524968215096478 0.656671388892614 0.490205300915014 0.696150012049034 0.154779323109465 0.0634504019041724 1.02874006484843 0.241431226881917 0.910963550753123 0.649139446687878 0.459396422687171
0.900523450395414 0.245674353089668 0.547101817415163 0.459421604983993 0.58531628177825 0.614271326532573 1.00695449608298 0.0434520043277675 0.645725617416363 0.419089292204915 0.110461924944512 0.482729700339354 0.459019053756225 0.0554617849154357 0.228031512266819 0.376059955875084 0.94151060638845 0.441182810438476 0.528186865144004
0.857503743046869 0.914648032171146 0.588573064106199 0.0920781232215357 0.408709666505834 0.413724079542535 0.334289856700052 0.639510916845505 0.651975839180529 0.662471831283727 0.0582103317631623 0.904831704840059 0.11738339481112 0.133661756385069 0.146976744246386 0.72611787333697 0.128073454677667 0.535636965843355 0.623597166348006
0.408431310333237 0.266987565383423 0.696761283672233 0.400946555010562 0.96347452343583 0.431821952923264 0.731394911644503 1.0188382192981 0.0890340530671334 0.948847458042755 0.957762496802533 0.701885927293118 0.910427262750356 0.18753379157497 0.273571117071912 0.954628753724718 0.094230874471118 0.324127838530095 0.85122889489347
0.14294585376811 0.616433173019639 0.461635208706986 0.770891444150169 0.20387321784021 0.610511941157393 0.98483114199623 0.42433096430793 0.552400679257231 0.676617219922813 0.461395290850908 0.0819143301132949 0.752151573817357 0.344977227892566 0.384063883114144 0.23304979789589 0.341131050225129 0.0519175322481355 0.734486378011674

